FrameCount,XMin,YMin,Width,Height,AirSpeed,GroundSpeed,Heading,ThrottlePercentage,Altitude,Climb,GPS_timestamp,GPS_lattitude,GPS_longitude,GPS_altitude,GPS_relative_altitude,GPS_velocityX,GPS_velocityY,GPS_velocityZ,GPS_heading
2234,2.8026e-45,1.47103e+11,-3.21377e+19,0,0.52,0.52,200,40,15.63,-0.46,320316,22.3053,39.1068,24.14,15.74,0.022,0.032,-0.025,19999
2235,2.8026e-45,1.47103e+11,-3.21377e+19,0,0.52,0.52,200,40,15.63,-0.46,320316,22.3053,39.1068,24.14,15.74,0.022,0.032,-0.025,19999
2236,2.8026e-45,1.47103e+11,-3.21377e+19,0,0.52,0.52,200,40,15.63,-0.46,320316,22.3053,39.1068,24.14,15.74,0.022,0.032,-0.025,19999
2237,2.8026e-45,1.47103e+11,-3.21377e+19,0,0.52,0.52,200,40,15.63,-0.46,320316,22.3053,39.1068,24.14,15.74,0.022,0.032,-0.025,19999
2238,2.8026e-45,1.47103e+11,-3.21377e+19,0,0.52,0.52,200,40,15.63,-0.46,320316,22.3053,39.1068,24.14,15.74,0.022,0.032,-0.025,19999
2239,2.8026e-45,1.47103e+11,-3.21377e+19,0,0.52,0.52,200,40,15.63,-0.46,320316,22.3053,39.1068,24.14,15.74,0.022,0.032,-0.025,19999
2240,2.8026e-45,1.47103e+11,-3.21377e+19,0,0.52,0.52,200,40,15.63,-0.46,321324,22.3053,39.1068,23.74,15.34,0.062,0.024,-0.067,20046
2241,2.8026e-45,1.47103e+11,-3.21377e+19,0,0.52,0.52,200,40,15.63,-0.46,321324,22.3053,39.1068,23.74,15.34,0.062,0.024,-0.067,20046
2242,2.8026e-45,1.47103e+11,-3.21377e+19,0,0.52,0.52,200,40,15.63,-0.46,321324,22.3053,39.1068,23.74,15.34,0.062,0.024,-0.067,20046
2243,2.8026e-45,1.47103e+11,-3.21377e+19,0,0.52,0.52,200,40,15.63,-0.46,321324,22.3053,39.1068,23.74,15.34,0.062,0.024,-0.067,20046
2244,2.8026e-45,1.47103e+11,-3.21377e+19,0,0.85,0.85,199,39,15.14,-0.76,321324,22.3053,39.1068,23.74,15.34,0.062,0.024,-0.067,20046
2245,2.8026e-45,1.47103e+11,-3.21377e+19,0,0.85,0.85,199,39,15.14,-0.76,321324,22.3053,39.1068,23.74,15.34,0.062,0.024,-0.067,20046
2246,2.8026e-45,1.47103e+11,-3.21377e+19,0,0.85,0.85,199,39,15.14,-0.76,321324,22.3053,39.1068,23.74,15.34,0.062,0.024,-0.067,20046
2247,2.8026e-45,1.47103e+11,-3.21377e+19,0,0.85,0.85,199,39,15.14,-0.76,321324,22.3053,39.1068,23.74,15.34,0.062,0.024,-0.067,20046
2248,2.8026e-45,1.47103e+11,-3.21377e+19,0,0.85,0.85,199,39,15.14,-0.76,321324,22.3053,39.1068,23.74,15.34,0.062,0.024,-0.067,20046
2249,2.8026e-45,1.47103e+11,-3.21377e+19,0,0.85,0.85,199,39,15.14,-0.76,321324,22.3053,39.1068,23.74,15.34,0.062,0.024,-0.067,20046
2250,2.8026e-45,1.47103e+11,-3.21377e+19,0,0.85,0.85,199,39,15.14,-0.76,321324,22.3053,39.1068,23.74,15.34,0.062,0.024,-0.067,20046
2251,2.8026e-45,1.47103e+11,-3.21377e+19,0,0.85,0.85,199,39,15.14,-0.76,322331,22.3053,39.1068,23.16,14.76,0.078,0.022,-0.086,20062
2252,2.8026e-45,1.47103e+11,-3.21377e+19,0,0.85,0.85,199,39,15.14,-0.76,322331,22.3053,39.1068,23.16,14.76,0.078,0.022,-0.086,20062
2253,2.8026e-45,1.47103e+11,-3.21377e+19,0,0.85,0.85,199,39,15.14,-0.76,322331,22.3053,39.1068,23.16,14.76,0.078,0.022,-0.086,20062
2254,2.8026e-45,1.47103e+11,-3.21377e+19,0,0.85,0.85,199,39,15.14,-0.76,322331,22.3053,39.1068,23.16,14.76,0.078,0.022,-0.086,20062
2255,2.8026e-45,1.47103e+11,-3.21377e+19,0,0.85,0.85,199,39,15.14,-0.76,322331,22.3053,39.1068,23.16,14.76,0.078,0.022,-0.086,20062
2256,2.8026e-45,1.47103e+11,-3.21377e+19,0,0.73,0.73,201,39,14.45,-0.93,322331,22.3053,39.1068,23.16,14.76,0.078,0.022,-0.086,20062
2257,2.8026e-45,1.47103e+11,-3.21377e+19,0,0.73,0.73,201,39,14.45,-0.93,322331,22.3053,39.1068,23.16,14.76,0.078,0.022,-0.086,20062
2258,2.8026e-45,1.47103e+11,-3.21377e+19,0,0.73,0.73,201,39,14.45,-0.93,322331,22.3053,39.1068,23.16,14.76,0.078,0.022,-0.086,20062
2259,2.8026e-45,1.47103e+11,-3.21377e+19,0,0.73,0.73,201,39,14.45,-0.93,322331,22.3053,39.1068,23.16,14.76,0.078,0.022,-0.086,20062
2260,2.8026e-45,1.47103e+11,-3.21377e+19,0,0.73,0.73,201,39,14.45,-0.93,322331,22.3053,39.1068,23.16,14.76,0.078,0.022,-0.086,20062
2261,2.8026e-45,1.47103e+11,-3.21377e+19,0,0.73,0.73,201,39,14.45,-0.93,322331,22.3053,39.1068,23.16,14.76,0.078,0.022,-0.086,20062
2262,2.8026e-45,1.47103e+11,-3.21377e+19,0,0.73,0.73,201,39,14.45,-0.93,323334,22.3053,39.1068,22.22,13.82,0.071,0.009,-0.127,20371
2263,2.8026e-45,1.47103e+11,-3.21377e+19,0,0.73,0.73,201,39,14.45,-0.93,323334,22.3053,39.1068,22.22,13.82,0.071,0.009,-0.127,20371
2264,2.8026e-45,1.47103e+11,-3.21377e+19,0,0.73,0.73,201,39,14.45,-0.93,323334,22.3053,39.1068,22.22,13.82,0.071,0.009,-0.127,20371
2265,2.8026e-45,1.47103e+11,-3.21377e+19,0,0.73,0.73,201,39,14.45,-0.93,323334,22.3053,39.1068,22.22,13.82,0.071,0.009,-0.127,20371
2266,2.8026e-45,1.47103e+11,-3.21377e+19,0,0.87,0.87,203,43,13.47,-1.01,323334,22.3053,39.1068,22.22,13.82,0.071,0.009,-0.127,20371
2267,2.8026e-45,1.47103e+11,-3.21377e+19,0,0.87,0.87,203,43,13.47,-1.01,323334,22.3053,39.1068,22.22,13.82,0.071,0.009,-0.127,20371
2268,2.8026e-45,1.47103e+11,-3.21377e+19,0,0.87,0.87,203,43,13.47,-1.01,323334,22.3053,39.1068,22.22,13.82,0.071,0.009,-0.127,20371
2269,2.8026e-45,1.47103e+11,-3.21377e+19,0,0.87,0.87,203,43,13.47,-1.01,323334,22.3053,39.1068,22.22,13.82,0.071,0.009,-0.127,20371
2270,2.8026e-45,1.47103e+11,-3.21377e+19,0,0.87,0.87,203,43,13.47,-1.01,323334,22.3053,39.1068,22.22,13.82,0.071,0.009,-0.127,20371
2271,2.8026e-45,1.47103e+11,-3.21377e+19,0,0.87,0.87,203,43,13.47,-1.01,323334,22.3053,39.1068,22.22,13.82,0.071,0.009,-0.127,20371
2272,2.8026e-45,1.47103e+11,-3.21377e+19,0,0.87,0.87,203,43,13.47,-1.01,324323,22.3053,39.1068,21.5,13.1,0.127,0.03,-0.053,20139
2273,2.8026e-45,1.47103e+11,-3.21377e+19,0,0.87,0.87,203,43,13.47,-1.01,324323,22.3053,39.1068,21.5,13.1,0.127,0.03,-0.053,20139
2274,2.8026e-45,1.47103e+11,-3.21377e+19,0,0.87,0.87,203,43,13.47,-1.01,324323,22.3053,39.1068,21.5,13.1,0.127,0.03,-0.053,20139
2275,2.8026e-45,1.47103e+11,-3.21377e+19,0,0.87,0.87,203,43,13.47,-1.01,324323,22.3053,39.1068,21.5,13.1,0.127,0.03,-0.053,20139
2276,2.8026e-45,1.47103e+11,-3.21377e+19,0,0.87,0.87,203,43,13.47,-1.01,324323,22.3053,39.1068,21.5,13.1,0.127,0.03,-0.053,20139
2277,2.8026e-45,1.47103e+11,-3.21377e+19,0,1.19,1.19,200,43,12.96,-0.32,324323,22.3053,39.1068,21.5,13.1,0.127,0.03,-0.053,20139
2278,2.8026e-45,1.47103e+11,-3.21377e+19,0,1.19,1.19,200,43,12.96,-0.32,324323,22.3053,39.1068,21.5,13.1,0.127,0.03,-0.053,20139
2279,2.8026e-45,1.47103e+11,-3.21377e+19,0,1.19,1.19,200,43,12.96,-0.32,324323,22.3053,39.1068,21.5,13.1,0.127,0.03,-0.053,20139
2280,2.8026e-45,1.47103e+11,-3.21377e+19,0,1.19,1.19,200,43,12.96,-0.32,324323,22.3053,39.1068,21.5,13.1,0.127,0.03,-0.053,20139
2281,2.8026e-45,1.47103e+11,-3.21377e+19,0,1.19,1.19,200,43,12.96,-0.32,324323,22.3053,39.1068,21.5,13.1,0.127,0.03,-0.053,20139
2282,2.8026e-45,1.47103e+11,-3.21377e+19,0,1.19,1.19,200,43,12.96,-0.32,325328,22.3053,39.1068,21.34,12.94,0.108,0.049,-0.038,19988
2283,2.8026e-45,1.47103e+11,-3.21377e+19,0,1.19,1.19,200,43,12.96,-0.32,325328,22.3053,39.1068,21.34,12.94,0.108,0.049,-0.038,19988
2284,2.8026e-45,1.47103e+11,-3.21377e+19,0,1.19,1.19,200,43,12.96,-0.32,325328,22.3053,39.1068,21.34,12.94,0.108,0.049,-0.038,19988
2285,2.8026e-45,1.47103e+11,-3.21377e+19,0,1.19,1.19,200,43,12.96,-0.32,325328,22.3053,39.1068,21.34,12.94,0.108,0.049,-0.038,19988
2286,2.8026e-45,1.47103e+11,-3.21377e+19,0,1.19,1.19,200,43,12.96,-0.32,325328,22.3053,39.1068,21.34,12.94,0.108,0.049,-0.038,19988
2287,2.8026e-45,1.47103e+11,-3.21377e+19,0,0.99,0.99,200,41,12.91,-0.49,325328,22.3053,39.1068,21.34,12.94,0.108,0.049,-0.038,19988
2288,2.8026e-45,1.47103e+11,-3.21377e+19,0,0.99,0.99,200,41,12.91,-0.49,325328,22.3053,39.1068,21.34,12.94,0.108,0.049,-0.038,19988
2289,2.8026e-45,1.47103e+11,-3.21377e+19,0,0.99,0.99,200,41,12.91,-0.49,325328,22.3053,39.1068,21.34,12.94,0.108,0.049,-0.038,19988
2290,2.8026e-45,1.47103e+11,-3.21377e+19,0,0.99,0.99,200,41,12.91,-0.49,325328,22.3053,39.1068,21.34,12.94,0.108,0.049,-0.038,19988
2291,2.8026e-45,1.47103e+11,-3.21377e+19,0,0.99,0.99,200,41,12.91,-0.49,325328,22.3053,39.1068,21.34,12.94,0.108,0.049,-0.038,19988
2292,2.8026e-45,1.47103e+11,-3.21377e+19,0,0.99,0.99,200,41,12.91,-0.49,326316,22.3053,39.1068,21.18,12.78,0.044,0.041,-0.067,20225
2293,2.8026e-45,1.47103e+11,-3.21377e+19,0,0.99,0.99,200,41,12.91,-0.49,326316,22.3053,39.1068,21.18,12.78,0.044,0.041,-0.067,20225
2294,2.8026e-45,1.47103e+11,-3.21377e+19,0,0.99,0.99,200,41,12.91,-0.49,326316,22.3053,39.1068,21.18,12.78,0.044,0.041,-0.067,20225
2295,2.8026e-45,1.47103e+11,-3.21377e+19,0,0.99,0.99,200,41,12.91,-0.49,326316,22.3053,39.1068,21.18,12.78,0.044,0.041,-0.067,20225
2296,2.8026e-45,1.47103e+11,-3.21377e+19,0,0.31,0.31,203,40,12.6,-0.71,326316,22.3053,39.1068,21.18,12.78,0.044,0.041,-0.067,20225
2297,2.8026e-45,1.47103e+11,-3.21377e+19,0,0.31,0.31,203,40,12.6,-0.71,326316,22.3053,39.1068,21.18,12.78,0.044,0.041,-0.067,20225
2298,2.8026e-45,1.47103e+11,-3.21377e+19,0,0.31,0.31,203,40,12.6,-0.71,326316,22.3053,39.1068,21.18,12.78,0.044,0.041,-0.067,20225
2299,2.8026e-45,1.47103e+11,-3.21377e+19,0,0.31,0.31,203,40,12.6,-0.71,326316,22.3053,39.1068,21.18,12.78,0.044,0.041,-0.067,20225
2300,2.8026e-45,1.47103e+11,-3.21377e+19,0,0.31,0.31,203,40,12.6,-0.71,326316,22.3053,39.1068,21.18,12.78,0.044,0.041,-0.067,20225
2301,2.8026e-45,1.47103e+11,-3.21377e+19,0,0.31,0.31,203,40,12.6,-0.71,326316,22.3053,39.1068,21.18,12.78,0.044,0.041,-0.067,20225
2302,2.8026e-45,1.47103e+11,-3.21377e+19,0,0.31,0.31,203,40,12.6,-0.71,327324,22.3053,39.1068,20.59,12.19,0.008,0.024,-0.082,20212
2303,2.8026e-45,1.47103e+11,-3.21377e+19,0,0.31,0.31,203,40,12.6,-0.71,327324,22.3053,39.1068,20.59,12.19,0.008,0.024,-0.082,20212
2304,2.8026e-45,1.47103e+11,-3.21377e+19,0,0.31,0.31,203,40,12.6,-0.71,327324,22.3053,39.1068,20.59,12.19,0.008,0.024,-0.082,20212
2305,2.8026e-45,1.47103e+11,-3.21377e+19,0,0.31,0.31,203,40,12.6,-0.71,327324,22.3053,39.1068,20.59,12.19,0.008,0.024,-0.082,20212
2306,2.8026e-45,1.47103e+11,-3.21377e+19,0,0.21,0.21,200,40,11.75,-1.01,327324,22.3053,39.1068,20.59,12.19,0.008,0.024,-0.082,20212
2307,2.8026e-45,1.47103e+11,-3.21377e+19,0,0.21,0.21,200,40,11.75,-1.01,327324,22.3053,39.1068,20.59,12.19,0.008,0.024,-0.082,20212
2308,2.8026e-45,1.47103e+11,-3.21377e+19,0,0.21,0.21,200,40,11.75,-1.01,327324,22.3053,39.1068,20.59,12.19,0.008,0.024,-0.082,20212
2309,2.8026e-45,1.47103e+11,-3.21377e+19,0,0.21,0.21,200,40,11.75,-1.01,327324,22.3053,39.1068,20.59,12.19,0.008,0.024,-0.082,20212